HOUR,NB_LOAD,NB_DEMAND,ISO_NE,NMISA,QUEBEC,NOVA_SCOTIA,PEI
2019-01-01 00:00,1890,1970,352,10,-940,181,197
2019-01-01 01:00,1827,1891,254,13,-652,178,177
2019-01-01 02:00,1801,1868,472,1,-923,75,143
2019-01-01 03:00,1768,1828,551,-1,-878,1,135
2019-01-01 04:00,1761,1819,562,-17,-853,1,109
2019-01-01 05:00,1780,1839,502,-15,-855,73,78
2019-01-01 06:00,1804,1866,554,-16,-878,74,75
2019-01-01 07:00,1836,1901,639,-6,-882,74,83
2019-01-01 08:00,1885,1954,584,-4,-932,73,77
2019-01-01 09:00,1922,1993,660,6,-932,1,64
2019-01-01 10:00,1977,2049,660,3,-932,0,72
2019-01-01 11:00,2021,2090,628,6,-922,0,65
2019-01-01 12:00,2055,2123,669,11,-921,0,51
2019-01-01 13:00,2027,2091,667,22,-912,0,43
2019-01-01 14:00,1975,2035,667,30,-912,0,35
2019-01-01 15:00,1924,1986,621,30,-912,44,48
2019-01-01 16:00,1924,1992,599,34,-912,44,74
2019-01-01 17:00,1987,2063,573,34,-912,40,112
2019-01-01 18:00,2042,2120,564,24,-912,39,142
2019-01-01 19:00,2014,2087,608,6,-921,0,173
2019-01-01 20:00,1994,2068,659,2,-921,0,144
2019-01-01 21:00,1983,2055,667,3,-921,0,122
2019-01-01 22:00,1949,2018,681,0,-918,0,73
2019-01-01 23:00,1900,1963,755,-5,-874,0,33
2019-01-02 00:00,1853,1910,754,-10,-852,0,-2
2019-01-02 01:00,1844,1894,628,-15,-691,29,0
2019-01-02 02:00,1853,1906,544,-9,-682,29,-2
2019-01-02 03:00,1877,1929,458,-8,-590,0,3
2019-01-02 04:00,1919,1972,422,-8,-588,0,4
2019-01-02 05:00,1995,2054,456,-8,-689,0,17
2019-01-02 06:00,2092,2159,411,-5,-817,0,28
2019-01-02 07:00,2271,2350,397,1,-948,29,51
2019-01-02 08:00,2440,2528,309,10,-980,30,60
2019-01-02 09:00,2506,2598,357,12,-979,29,74
2019-01-02 10:00,2470,2561,407,5,-978,0,76
2019-01-02 11:00,2413,2501,356,5,-980,0,83
2019-01-02 12:00,2346,2431,311,11,-980,16,78
2019-01-02 13:00,2271,2354,292,11,-980,89,79
2019-01-02 14:00,2230,2313,291,18,-980,134,79
2019-01-02 15:00,2182,2263,292,31,-980,134,83
2019-01-02 16:00,2212,2296,270,31,-977,134,94
2019-01-02 17:00,2343,2435,220,35,-980,136,115
2019-01-02 18:00,2461,2568,113,46,-980,218,113
2019-01-02 19:00,2473,2580,93,46,-980,220,102
2019-01-02 20:00,2474,2577,63,45,-980,225,153
2019-01-02 21:00,2457,2559,4,44,-980,209,143
2019-01-02 22:00,2410,2511,-10,43,-980,186,132
2019-01-02 23:00,2334,2433,-74,39,-980,219,115
2019-01-03 00:00,2258,2355,-40,31,-980,219,135
2019-01-03 01:00,2220,2315,19,27,-978,201,153
2019-01-03 02:00,2223,2318,15,29,-980,243,148
2019-01-03 03:00,2246,2343,-115,28,-980,213,182
2019-01-03 04:00,2291,2391,-76,28,-980,200,189
2019-01-03 05:00,2346,2451,-119,27,-980,192,189
2019-01-03 06:00,2408,2514,-88,26,-980,162,208
2019-01-03 07:00,2521,2633,-134,33,-980,142,229
2019-01-03 08:00,2646,2765,-142,45,-980,149,242
2019-01-03 09:00,2682,2803,-109,34,-980,133,217
2019-01-03 10:00,2663,2783,-110,35,-980,132,216
2019-01-03 11:00,2643,2762,-120,34,-980,104,209
2019-01-03 12:00,2585,2699,-118,27,-980,102,213
2019-01-03 13:00,2503,2610,-59,27,-980,112,232
2019-01-03 14:00,2431,2531,-1,26,-977,120,244
2019-01-03 15:00,2362,2454,125,37,-939,132,236
2019-01-03 16:00,2347,2438,97,37,-925,138,237
2019-01-03 17:00,2405,2501,105,42,-971,125,250
2019-01-03 18:00,2450,2550,227,40,-980,115,259
2019-01-03 19:00,2402,2500,247,41,-980,112,257
2019-01-03 20:00,2359,2458,237,38,-980,131,248
2019-01-03 21:00,2309,2404,174,39,-980,132,246
2019-01-03 22:00,2220,2308,110,33,-980,158,229
2019-01-03 23:00,2122,2203,169,35,-975,183,214
2019-01-04 00:00,2034,2106,225,37,-916,197,200
2019-01-04 01:00,1971,2033,183,32,-703,104,176
2019-01-04 02:00,1942,2015,333,24,-975,196,166
2019-01-04 03:00,1940,2012,214,35,-918,198,158
2019-01-04 04:00,1948,2020,224,33,-941,198,162
2019-01-04 05:00,1975,2049,205,28,-941,198,170
2019-01-04 06:00,2009,2084,206,26,-898,198,178
2019-01-04 07:00,2141,2225,217,32,-980,194,196
2019-01-04 08:00,2259,2350,219,33,-980,173,207
2019-01-04 09:00,2321,2414,238,41,-980,161,218
2019-01-04 10:00,2306,2397,319,43,-980,162,218
2019-01-04 11:00,2229,2317,332,40,-980,172,206
2019-01-04 12:00,2192,2280,292,39,-980,181,197
2019-01-04 13:00,2091,2161,115,34,-701,164,186
2019-01-04 14:00,2059,2123,207,38,-675,121,167
2019-01-04 15:00,2045,2107,212,37,-650,119,163
2019-01-04 16:00,2040,2101,217,37,-661,118,157
2019-01-04 17:00,2087,2151,418,37,-780,46,171
2019-01-04 18:00,2114,2187,619,39,-978,44,174
2019-01-04 19:00,2054,2124,628,32,-979,44,149
2019-01-04 20:00,2000,2069,691,27,-979,11,115
2019-01-04 21:00,1953,2018,708,25,-977,29,87
2019-01-04 22:00,1900,1959,656,22,-951,49,79
2019-01-04 23:00,1815,1872,738,31,-909,50,90
2019-01-05 00:00,1729,1780,688,30,-765,50,73
2019-01-05 01:00,1658,1696,333,25,-434,56,63
2019-01-05 02:00,1631,1679,678,37,-802,57,60
2019-01-05 03:00,1628,1676,633,36,-752,57,59
2019-01-05 04:00,1621,1660,330,35,-425,57,82
2019-01-05 05:00,1637,1677,277,46,-422,57,100
2019-01-05 06:00,1672,1723,610,47,-751,55,124
2019-01-05 07:00,1755,1815,678,43,-872,8,117
2019-01-05 08:00,1846,1911,649,34,-911,6,142
2019-01-05 09:00,1930,1999,642,38,-933,6,184
2019-01-05 10:00,1970,2040,640,51,-933,6,203
2019-01-05 11:00,1966,2036,639,45,-933,6,208
2019-01-05 12:00,1950,2020,638,41,-933,6,205
2019-01-05 13:00,1905,1972,638,41,-935,6,201
2019-01-05 14:00,1856,1921,608,42,-948,7,199
2019-01-05 15:00,1830,1896,563,42,-949,51,191
2019-01-05 16:00,1832,1899,508,41,-950,95,192
2019-01-05 17:00,1903,1972,451,45,-950,52,206
2019-01-05 18:00,1965,2042,299,46,-949,51,224
2019-01-05 19:00,1932,2007,418,46,-948,41,217
2019-01-05 20:00,1895,1968,512,44,-948,7,197
2019-01-05 21:00,1862,1932,515,42,-948,6,179
2019-01-05 22:00,1814,1882,570,45,-948,6,169
2019-01-05 23:00,1748,1814,675,37,-942,6,151
2019-01-06 00:00,1673,1732,671,30,-834,8,144
2019-01-06 01:00,1624,1686,648,27,-909,56,120
2019-01-06 02:00,1599,1658,625,42,-908,58,128
2019-01-06 03:00,1579,1628,502,41,-749,58,108
2019-01-06 04:00,1574,1615,401,41,-585,58,77
2019-01-06 05:00,1594,1637,467,40,-636,58,50
2019-01-06 06:00,1630,1674,455,38,-570,58,24
2019-01-06 07:00,1685,1736,588,37,-754,58,33
2019-01-06 08:00,1761,1823,704,19,-903,58,20
2019-01-06 09:00,1832,1886,473,23,-728,58,11
2019-01-06 10:00,1891,1957,699,29,-920,58,23
2019-01-06 11:00,1888,1953,699,32,-920,58,40
2019-01-06 12:00,1855,1919,693,30,-920,58,58
2019-01-06 13:00,1834,1898,721,25,-919,58,59
2019-01-06 14:00,1799,1860,761,21,-919,88,70
2019-01-06 15:00,1787,1844,706,22,-919,132,64
2019-01-06 16:00,1811,1868,685,18,-919,133,65
2019-01-06 17:00,1915,1980,684,19,-919,133,86
2019-01-06 18:00,2012,2082,684,27,-919,133,93
2019-01-06 19:00,2025,2093,716,19,-942,133,74
2019-01-06 20:00,2006,2073,751,17,-980,133,70
2019-01-06 21:00,1993,2056,832,14,-980,132,54
2019-01-06 22:00,1948,2005,830,10,-970,95,43
2019-01-06 23:00,1870,1922,788,8,-875,156,21
2019-01-07 00:00,1804,1847,740,-9,-751,155,7
2019-01-07 01:00,1777,1818,751,-14,-760,51,-12
2019-01-07 02:00,1784,1831,864,-14,-873,1,-14
2019-01-07 03:00,1803,1851,867,-15,-873,0,-15
2019-01-07 04:00,1849,1898,867,-14,-873,0,-12
2019-01-07 05:00,1921,1973,867,-14,-873,0,-3
2019-01-07 06:00,2009,2069,867,-13,-882,0,7
2019-01-07 07:00,2197,2270,850,-5,-980,0,21
2019-01-07 08:00,2400,2479,732,7,-980,0,42
2019-01-07 09:00,2430,2514,728,19,-980,0,63
2019-01-07 10:00,2352,2432,727,19,-980,0,64
2019-01-07 11:00,2272,2350,726,22,-980,0,66
2019-01-07 12:00,2217,2293,727,24,-980,0,66
2019-01-07 13:00,2155,2229,718,29,-980,0,66
2019-01-07 14:00,2118,2190,718,27,-980,15,59
2019-01-07 15:00,2083,2153,718,27,-980,28,56
2019-01-07 16:00,2113,2182,716,24,-980,29,47
2019-01-07 17:00,2251,2324,669,26,-980,0,75
2019-01-07 18:00,2386,2467,636,28,-980,0,89
2019-01-07 19:00,2395,2474,632,32,-980,0,89
2019-01-07 20:00,2402,2481,614,27,-980,0,93
2019-01-07 21:00,2374,2451,577,20,-980,0,81
2019-01-07 22:00,2312,2386,594,16,-977,1,69
2019-01-07 23:00,2208,2281,453,23,-980,88,75
2019-01-08 00:00,2131,2199,398,24,-957,104,85
2019-01-08 01:00,2081,2143,308,18,-828,93,98
2019-01-08 02:00,2076,2145,462,26,-927,49,100
2019-01-08 03:00,2087,2159,453,20,-931,49,112
2019-01-08 04:00,2108,2185,372,20,-977,93,127
2019-01-08 05:00,2144,2224,408,23,-977,110,144
2019-01-08 06:00,2221,2307,370,1,-977,153,163
2019-01-08 07:00,2400,2497,324,4,-977,139,188
2019-01-08 08:00,2591,2698,226,13,-978,123,217
2019-01-08 09:00,2577,2684,326,16,-980,111,230
2019-01-08 10:00,2534,2639,371,16,-980,108,241
2019-01-08 11:00,2490,2590,313,24,-975,122,234
2019-01-08 12:00,2437,2532,343,21,-977,94,227
2019-01-08 13:00,2374,2465,361,19,-977,94,223
2019-01-08 14:00,2286,2375,432,19,-977,94,221
2019-01-08 15:00,2246,2335,472,18,-980,94,219
2019-01-08 16:00,2238,2325,472,18,-979,94,224
2019-01-08 17:00,2282,2371,441,24,-978,93,237
2019-01-08 18:00,2303,2392,460,32,-977,50,240
2019-01-08 19:00,2254,2338,526,29,-979,49,223
2019-01-08 20:00,2241,2323,616,27,-980,48,208
2019-01-08 21:00,2203,2280,734,25,-978,4,178
2019-01-08 22:00,2121,2194,703,18,-964,4,153
2019-01-08 23:00,1998,2066,770,15,-944,4,137
2019-01-09 00:00,1870,1924,656,15,-695,5,118
2019-01-09 01:00,1773,1817,368,11,-403,56,102
2019-01-09 02:00,1773,1832,791,22,-864,58,98
2019-01-09 03:00,1767,1823,723,21,-786,58,94
2019-01-09 04:00,1752,1808,741,11,-785,58,54
2019-01-09 05:00,1784,1841,738,11,-785,58,74
2019-01-09 06:00,1806,1862,739,14,-800,58,60
2019-01-09 07:00,1930,1998,784,20,-959,58,76
2019-01-09 08:00,2064,2138,683,29,-960,58,64
2019-01-09 09:00,2077,2153,699,28,-960,58,56
2019-01-09 10:00,2070,2147,700,29,-960,58,58
2019-01-09 11:00,2071,2149,709,24,-969,58,54
2019-01-09 12:00,2069,2145,709,23,-969,58,53
2019-01-09 13:00,2051,2124,708,26,-969,58,55
2019-01-09 14:00,2024,2093,708,26,-969,58,55
2019-01-09 15:00,1999,2067,709,25,-969,58,53
2019-01-09 16:00,2004,2070,709,25,-969,58,47
2019-01-09 17:00,2051,2118,709,29,-969,58,57
2019-01-09 18:00,2058,2129,708,24,-960,58,87
2019-01-09 19:00,2013,2084,831,23,-969,58,90
2019-01-09 20:00,1970,2039,721,23,-969,58,77
2019-01-09 21:00,1910,1977,714,18,-969,58,73
2019-01-09 22:00,1841,1901,698,13,-967,86,70
2019-01-09 23:00,1748,1806,809,12,-933,58,40
2019-01-10 00:00,1662,1716,826,4,-847,57,28
2019-01-10 01:00,1605,1643,530,1,-578,35,32
2019-01-10 02:00,1585,1628,758,17,-827,-12,41
2019-01-10 03:00,1612,1659,807,16,-863,-14,36
2019-01-10 04:00,1643,1688,709,13,-737,-13,36
2019-01-10 05:00,1666,1699,342,12,-386,6,49
2019-01-10 06:00,1735,1772,362,3,-449,35,58
2019-01-10 07:00,1927,1988,771,23,-969,37,81
2019-01-10 08:00,2099,2169,667,34,-947,84,104
2019-01-10 09:00,2098,2170,663,38,-968,85,114
2019-01-10 10:00,2064,2134,670,38,-966,85,109
2019-01-10 11:00,2022,2091,670,31,-953,85,120
2019-01-10 12:00,1999,2067,669,30,-953,85,122
2019-01-10 13:00,1957,2024,658,34,-952,85,117
2019-01-10 14:00,1938,2006,662,34,-939,85,111
2019-01-10 15:00,1944,2012,564,32,-949,85,113
2019-01-10 16:00,1980,2048,557,17,-949,85,140
2019-01-10 17:00,2061,2133,557,18,-949,85,150
2019-01-10 18:00,2109,2185,603,25,-953,85,175
2019-01-10 19:00,2090,2167,659,27,-968,85,169
2019-01-10 20:00,2070,2145,662,26,-968,85,167
2019-01-10 21:00,2052,2127,663,23,-966,85,165
2019-01-10 22:00,1988,2060,677,15,-953,85,154
2019-01-10 23:00,1891,1959,774,15,-946,84,154
2019-01-11 00:00,1795,1856,784,5,-859,36,152
2019-01-11 01:00,1736,1787,622,-1,-748,2,146
2019-01-11 02:00,1721,1780,680,-3,-915,68,143
2019-01-11 03:00,1716,1774,694,-4,-914,70,117
2019-01-11 04:00,1742,1800,732,-4,-922,70,96
2019-01-11 05:00,1789,1851,709,-4,-923,70,99
2019-01-11 06:00,1872,1937,675,-2,-924,71,110
2019-01-11 07:00,2063,2135,527,2,-939,133,125
2019-01-11 08:00,2267,2347,541,7,-942,109,120
2019-01-11 09:00,2289,2369,625,10,-980,65,126
2019-01-11 10:00,2254,2332,632,11,-980,63,120
2019-01-11 11:00,2208,2283,701,8,-980,3,115
2019-01-11 12:00,2161,2236,572,14,-980,98,121
2019-01-11 13:00,2133,2209,554,13,-980,108,120
2019-01-11 14:00,2174,2250,491,19,-980,108,122
2019-01-11 15:00,2179,2256,500,18,-980,108,126
2019-01-11 16:00,2206,2284,455,18,-980,66,126
2019-01-11 17:00,2301,2383,461,17,-980,75,131
2019-01-11 18:00,2375,2460,461,13,-980,109,150
2019-01-11 19:00,2375,2459,499,18,-980,110,143
2019-01-11 20:00,2357,2439,438,16,-980,110,127
2019-01-11 21:00,2335,2417,449,14,-980,108,111
2019-01-11 22:00,2297,2376,506,10,-980,46,108
2019-01-11 23:00,2228,2305,504,4,-980,44,86
2019-01-12 00:00,2157,2231,569,8,-975,0,85
2019-01-12 01:00,2110,2181,520,3,-916,0,72
2019-01-12 02:00,2108,2182,479,-3,-980,43,76
2019-01-12 03:00,2122,2197,466,-5,-980,44,65
2019-01-12 04:00,2145,2221,457,-6,-980,44,56
2019-01-12 05:00,2172,2250,388,-6,-980,44,75
2019-01-12 06:00,2231,2310,432,-6,-980,46,84
2019-01-12 07:00,2308,2391,332,0,-977,108,114
2019-01-12 08:00,2423,2511,266,-5,-979,110,132
2019-01-12 09:00,2508,2601,169,-3,-980,110,123
2019-01-12 10:00,2535,2629,161,3,-980,114,123
2019-01-12 11:00,2498,2590,217,4,-980,110,128
2019-01-12 12:00,2443,2534,227,14,-980,109,128
2019-01-12 13:00,2368,2455,331,15,-979,64,121
2019-01-12 14:00,2314,2396,471,16,-979,1,138
2019-01-12 15:00,2296,2377,520,14,-979,0,121
2019-01-12 16:00,2317,2399,530,6,-979,0,155
2019-01-12 17:00,2394,2482,392,6,-980,44,159
2019-01-12 18:00,2487,2579,404,12,-979,44,161
2019-01-12 19:00,2475,2566,402,12,-979,44,132
2019-01-12 20:00,2449,2537,446,9,-979,44,150
2019-01-12 21:00,2399,2485,484,9,-979,44,140
2019-01-12 22:00,2340,2424,488,12,-979,44,135
2019-01-12 23:00,2267,2349,364,6,-980,44,123
2019-01-13 00:00,2204,2283,335,-3,-980,45,106
2019-01-13 01:00,2162,2241,383,-8,-980,92,94
2019-01-13 02:00,2148,2228,351,-10,-980,90,102
2019-01-13 03:00,2150,2230,323,-10,-980,104,113
2019-01-13 04:00,2165,2245,293,-9,-980,90,114
2019-01-13 05:00,2200,2280,291,-7,-980,89,122
2019-01-13 06:00,2243,2322,299,-4,-980,89,114
2019-01-13 07:00,2324,2405,256,-10,-980,89,111
2019-01-13 08:00,2411,2496,266,0,-980,90,112
2019-01-13 09:00,2500,2590,201,5,-980,104,123
2019-01-13 10:00,2480,2570,174,8,-980,104,135
2019-01-13 11:00,2404,2492,174,24,-980,115,146
2019-01-13 12:00,2330,2418,209,27,-980,119,150
2019-01-13 13:00,2256,2340,233,27,-980,119,159
2019-01-13 14:00,2177,2260,243,34,-980,119,175
2019-01-13 15:00,2116,2196,308,34,-980,119,172
2019-01-13 16:00,2132,2212,300,34,-980,119,193
2019-01-13 17:00,2248,2335,245,36,-980,118,207
2019-01-13 18:00,2382,2473,242,36,-980,66,222
2019-01-13 19:00,2411,2503,241,36,-980,65,223
2019-01-13 20:00,2408,2499,248,36,-980,65,215
2019-01-13 21:00,2376,2465,259,51,-980,65,215
2019-01-13 22:00,2326,2412,260,45,-980,109,196
2019-01-13 23:00,2231,2313,176,35,-980,124,176
2019-01-14 00:00,2168,2247,182,31,-980,125,152
2019-01-14 01:00,2124,2201,197,22,-980,125,137
2019-01-14 02:00,2135,2216,72,10,-980,169,137
2019-01-14 03:00,2156,2239,5,12,-980,170,146
2019-01-14 04:00,2188,2274,-82,13,-980,170,153
2019-01-14 05:00,2252,2342,-115,13,-980,170,169
2019-01-14 06:00,2347,2441,-136,17,-980,166,179
2019-01-14 07:00,2562,2665,-171,23,-979,61,201
2019-01-14 08:00,2774,2891,-171,37,-977,10,240
2019-01-14 09:00,2769,2889,-165,41,-975,88,250
2019-01-14 10:00,2651,2760,-100,40,-978,84,255
2019-01-14 11:00,2513,2616,-7,40,-980,97,252
2019-01-14 12:00,2403,2499,-66,46,-980,107,240
2019-01-14 13:00,2286,2377,-20,50,-980,120,234
2019-01-14 14:00,2208,2295,41,47,-980,121,225
2019-01-14 15:00,2140,2225,98,65,-980,121,225
2019-01-14 16:00,2148,2233,80,67,-980,120,230
2019-01-14 17:00,2258,2348,32,68,-980,77,242
2019-01-14 18:00,2384,2480,74,72,-980,76,255
2019-01-14 19:00,2415,2513,87,70,-980,76,244
2019-01-14 20:00,2416,2514,132,64,-980,76,229
2019-01-14 21:00,2403,2500,183,60,-980,74,219
2019-01-14 22:00,2359,2450,260,58,-980,44,224
2019-01-14 23:00,2264,2347,288,47,-980,0,219
2019-01-15 00:00,2180,2261,264,30,-974,0,209
2019-01-15 01:00,2131,2208,375,26,-921,0,201
2019-01-15 02:00,2133,2210,200,20,-975,0,193
2019-01-15 03:00,2145,2223,181,20,-959,0,189
2019-01-15 04:00,2164,2243,123,36,-960,0,191
2019-01-15 05:00,2221,2302,194,35,-960,0,197
2019-01-15 06:00,2302,2385,199,36,-961,0,206
2019-01-15 07:00,2488,2580,-66,41,-979,2,221
2019-01-15 08:00,2657,2761,-18,31,-979,74,232
2019-01-15 09:00,2630,2731,-25,61,-980,65,226
2019-01-15 10:00,2529,2622,53,60,-979,26,205
2019-01-15 11:00,2403,2488,206,58,-978,25,167
2019-01-15 12:00,2286,2365,261,59,-979,3,169
2019-01-15 13:00,2188,2267,120,66,-979,97,157
2019-01-15 14:00,2149,2225,226,59,-979,75,154
2019-01-15 15:00,2116,2191,319,57,-959,74,136
2019-01-15 16:00,2126,2202,269,65,-959,76,140
2019-01-15 17:00,2216,2299,163,66,-961,128,157
2019-01-15 18:00,2303,2392,240,65,-979,130,169
2019-01-15 19:00,2290,2379,231,65,-979,129,162
2019-01-15 20:00,2277,2364,303,65,-999,100,163
2019-01-15 21:00,2205,2288,386,61,-999,100,156
2019-01-15 22:00,2140,2220,422,54,-1000,129,142
2019-01-15 23:00,2116,2193,305,52,-989,130,135
2019-01-16 00:00,2069,2146,371,50,-979,130,128
2019-01-16 01:00,2031,2111,181,45,-977,174,137
2019-01-16 02:00,2043,2123,193,38,-960,175,149
2019-01-16 03:00,2070,2154,123,38,-959,218,162
2019-01-16 04:00,2107,2192,103,37,-960,200,170
2019-01-16 05:00,2173,2262,36,28,-960,199,180
2019-01-16 06:00,2269,2361,-64,31,-959,180,200
2019-01-16 07:00,2471,2572,-160,42,-961,126,222
2019-01-16 08:00,2664,2776,-49,44,-979,105,235
2019-01-16 09:00,2657,2769,-42,44,-979,107,236
2019-01-16 10:00,2583,2687,45,42,-981,110,223
2019-01-16 11:00,2504,2599,95,35,-999,76,213
2019-01-16 12:00,2453,2543,141,23,-999,45,209
2019-01-16 13:00,2395,2481,268,30,-999,2,197
2019-01-16 14:00,2332,2416,218,28,-1000,73,156
2019-01-16 15:00,2285,2364,264,40,-999,73,160
2019-01-16 16:00,2294,2368,396,41,-999,1,123
2019-01-16 17:00,2342,2418,259,43,-999,0,123
2019-01-16 18:00,2349,2426,272,43,-999,0,94
2019-01-16 19:00,2318,2395,263,43,-979,0,85
2019-01-16 20:00,2267,2343,394,37,-978,0,75
2019-01-16 21:00,2214,2288,468,33,-978,0,64
2019-01-16 22:00,2147,2218,471,23,-972,0,59
2019-01-16 23:00,2047,2115,514,24,-958,0,76
2019-01-17 00:00,1942,2010,694,10,-962,0,71
2019-01-17 01:00,1892,1948,661,1,-827,-46,39
2019-01-17 02:00,1925,1990,851,2,-958,-75,8
2019-01-17 03:00,1965,2034,779,7,-959,-61,21
2019-01-17 04:00,2023,2095,716,8,-961,-31,12
2019-01-17 05:00,2102,2176,677,17,-989,-30,16
2019-01-17 06:00,2208,2281,533,14,-989,0,38
2019-01-17 07:00,2436,2517,353,23,-991,0,51
2019-01-17 08:00,2664,2754,92,36,-978,1,60
2019-01-17 09:00,2675,2765,125,33,-977,1,72
2019-01-17 10:00,2579,2667,172,32,-981,2,76
2019-01-17 11:00,2507,2594,220,32,-1020,74,75
2019-01-17 12:00,2446,2531,248,32,-1019,77,82
2019-01-17 13:00,2334,2417,272,33,-1019,123,77
2019-01-17 14:00,2284,2363,252,31,-999,126,67
2019-01-17 15:00,2246,2325,208,31,-1000,179,70
2019-01-17 16:00,2263,2345,200,31,-999,152,84
2019-01-17 17:00,2389,2480,131,35,-999,169,123
2019-01-17 18:00,2524,2622,7,68,-999,174,148
2019-01-17 19:00,2566,2667,88,65,-999,175,160
2019-01-17 20:00,2601,2703,88,64,-1001,175,147
2019-01-17 21:00,2584,2687,37,63,-1022,175,158
2019-01-17 22:00,2529,2628,37,57,-1022,174,163
2019-01-17 23:00,2417,2511,-14,57,-1022,169,145
2019-01-18 00:00,2344,2432,-64,35,-998,125,147
2019-01-18 01:00,2296,2387,-60,31,-980,193,153
2019-01-18 02:00,2284,2377,-64,29,-980,180,174
2019-01-18 03:00,2294,2390,-109,29,-980,179,184
2019-01-18 04:00,2313,2410,-153,29,-978,179,190
2019-01-18 05:00,2357,2455,-168,32,-973,173,191
2019-01-18 06:00,2434,2536,-153,35,-976,157,204
2019-01-18 07:00,2620,2729,-199,46,-999,96,234
2019-01-18 08:00,2807,2927,-200,36,-1001,76,252
2019-01-18 09:00,2809,2930,-200,40,-1022,76,259
2019-01-18 10:00,2761,2878,-198,40,-1022,75,259
2019-01-18 11:00,2696,2806,-139,37,-1004,58,244
2019-01-18 12:00,2602,2708,-161,39,-1005,101,229
2019-01-18 13:00,2495,2596,-48,42,-1005,148,227
2019-01-18 14:00,2433,2528,27,42,-1005,148,207
2019-01-18 15:00,2333,2419,134,42,-1004,77,209
2019-01-18 16:00,2300,2384,144,42,-999,103,209
2019-01-18 17:00,2345,2430,154,42,-999,74,198
2019-01-18 18:00,2379,2462,276,48,-999,1,199
2019-01-18 19:00,2353,2433,355,49,-996,0,173
2019-01-18 20:00,2291,2368,504,46,-964,0,145
2019-01-18 21:00,2225,2298,597,42,-964,0,113
2019-01-18 22:00,2144,2215,694,38,-964,0,85
2019-01-18 23:00,2044,2112,726,35,-964,0,75
2019-01-19 00:00,1941,2002,592,12,-964,28,60
2019-01-19 01:00,1876,1926,447,6,-742,0,53
2019-01-19 02:00,1854,1918,813,5,-930,0,56
2019-01-19 03:00,1873,1938,825,6,-930,0,51
2019-01-19 04:00,1906,1971,739,6,-930,0,39
2019-01-19 05:00,1958,2024,702,5,-930,0,29
2019-01-19 06:00,2042,2111,700,9,-934,0,45
2019-01-19 07:00,2153,2224,703,25,-980,0,53
2019-01-19 08:00,2296,2373,640,24,-980,0,23
2019-01-19 09:00,2409,2491,476,19,-981,0,39
2019-01-19 10:00,2415,2496,512,24,-999,-45,50
2019-01-19 11:00,2386,2462,490,28,-999,-46,54
2019-01-19 12:00,2341,2414,510,34,-999,-46,54
2019-01-19 13:00,2288,2361,475,37,-999,-45,71
2019-01-19 14:00,2247,2318,399,50,-931,-2,75
2019-01-19 15:00,2203,2275,477,80,-999,-75,112
2019-01-19 16:00,2234,2309,411,47,-999,-64,124
2019-01-19 17:00,2349,2431,2,49,-826,71,165
2019-01-19 18:00,2491,2584,-95,60,-872,73,201
2019-01-19 19:00,2503,2595,-61,91,-931,4,216
2019-01-19 20:00,2480,2582,-88,56,-977,151,208
2019-01-19 21:00,2459,2557,7,55,-980,105,198
2019-01-19 22:00,2421,2514,-60,51,-980,76,195
2019-01-19 23:00,2345,2435,-76,61,-980,106,204
2019-01-20 00:00,2272,2365,-149,52,-980,178,200
2019-01-20 01:00,2221,2310,-131,48,-960,137,193
2019-01-20 02:00,2211,2301,-178,52,-959,169,192
2019-01-20 03:00,2213,2301,-178,51,-959,140,192
2019-01-20 04:00,2223,2309,-87,51,-959,110,193
2019-01-20 05:00,2236,2321,3,45,-959,94,194
2019-01-20 06:00,2271,2357,20,38,-961,65,201
2019-01-20 07:00,2327,2416,-16,39,-989,65,206
2019-01-20 08:00,2402,2493,-50,44,-990,65,211
2019-01-20 09:00,2490,2589,-153,50,-990,93,206
2019-01-20 10:00,2572,2673,-47,52,-990,65,207
2019-01-20 11:00,2622,2724,-28,46,-990,65,201
2019-01-20 12:00,2632,2733,38,37,-990,63,181
2019-01-20 13:00,2602,2698,194,37,-989,1,158
2019-01-20 14:00,2541,2633,248,37,-989,0,135
2019-01-20 15:00,2482,2571,348,38,-990,0,103
2019-01-20 16:00,2454,2541,360,38,-990,-1,93
2019-01-20 17:00,2480,2564,399,40,-990,-60,105
2019-01-20 18:00,2486,2567,402,46,-978,-62,137
2019-01-20 19:00,2404,2482,483,50,-990,-76,133
2019-01-20 20:00,2313,2389,504,51,-990,-76,128
2019-01-20 21:00,2217,2292,522,49,-990,-76,170
2019-01-20 22:00,2120,2190,544,43,-990,-75,175
2019-01-20 23:00,2004,2072,622,37,-987,-1,162
2019-01-21 00:00,1767,1832,623,34,-959,0,135
2019-01-21 01:00,1456,1516,618,27,-959,0,137
2019-01-21 02:00,1595,1647,528,17,-959,-27,93
2019-01-21 03:00,1842,1901,623,18,-959,-75,99
2019-01-21 04:00,1870,1932,634,16,-959,-76,96
2019-01-21 05:00,1920,1983,561,11,-959,-76,132
2019-01-21 06:00,1994,2059,533,14,-959,-76,150
2019-01-21 07:00,2121,2189,552,22,-980,-76,176
2019-01-21 08:00,2258,2333,486,41,-999,-76,196
2019-01-21 09:00,2316,2395,455,44,-999,-76,172
2019-01-21 10:00,2353,2435,481,41,-999,-76,181
2019-01-21 11:00,2368,2451,481,41,-999,-75,200
2019-01-21 12:00,2375,2461,435,41,-999,-1,213
2019-01-21 13:00,2334,2418,477,45,-999,0,213
2019-01-21 14:00,2304,2387,561,44,-999,-9,198
2019-01-21 15:00,2282,2363,570,44,-999,-9,199
2019-01-21 16:00,2301,2383,599,38,-999,-9,212
2019-01-21 17:00,2368,2454,516,39,-999,-9,210
2019-01-21 18:00,2409,2498,430,42,-978,-9,243
2019-01-21 19:00,2389,2476,433,43,-999,0,242
2019-01-21 20:00,2362,2448,466,40,-999,0,225
2019-01-21 21:00,2335,2419,521,36,-999,1,228
2019-01-21 22:00,2272,2357,446,31,-999,64,223
2019-01-21 23:00,2179,2261,417,26,-999,110,206
2019-01-22 00:00,2093,2177,272,20,-995,188,194
2019-01-22 01:00,2054,2134,244,16,-944,198,186
2019-01-22 02:00,2055,2136,177,5,-973,198,182
2019-01-22 03:00,2071,2152,175,4,-973,198,180
2019-01-22 04:00,2101,2184,155,2,-973,198,180
2019-01-22 05:00,2146,2231,109,3,-973,198,178
2019-01-22 06:00,2222,2310,90,8,-976,198,186
2019-01-22 07:00,2411,2504,151,14,-999,145,206
2019-01-22 08:00,2590,2694,116,19,-999,141,215
2019-01-22 09:00,2610,2708,286,17,-999,4,210
2019-01-22 10:00,2540,2635,347,27,-999,1,207
2019-01-22 11:00,2448,2539,425,23,-999,1,201
2019-01-22 12:00,2381,2470,463,17,-999,1,190
2019-01-22 13:00,2322,2408,505,22,-999,0,189
2019-01-22 14:00,2279,2362,554,29,-999,0,186
2019-01-22 15:00,2253,2334,507,27,-999,0,190
2019-01-22 16:00,2245,2326,551,26,-999,-44,201
2019-01-22 17:00,2333,2418,463,28,-999,0,206
2019-01-22 18:00,2446,2538,466,33,-999,0,216
2019-01-22 19:00,2474,2565,469,35,-999,0,214
2019-01-22 20:00,2447,2537,479,34,-999,0,210
2019-01-22 21:00,2414,2502,507,32,-999,0,198
2019-01-22 22:00,2342,2426,559,40,-999,1,189
2019-01-22 23:00,2255,2338,420,39,-999,77,174
2019-01-23 00:00,2159,2238,399,37,-998,40,162
2019-01-23 01:00,2094,2168,275,38,-891,79,157
2019-01-23 02:00,2096,2173,356,32,-973,80,145
2019-01-23 03:00,2110,2187,311,32,-973,80,142
2019-01-23 04:00,2131,2210,270,33,-973,99,142
2019-01-23 05:00,2170,2250,188,34,-973,100,145
2019-01-23 06:00,2251,2335,116,38,-973,115,162
2019-01-23 07:00,2446,2544,-6,49,-998,164,191
2019-01-23 08:00,2632,2742,-48,68,-999,144,215
2019-01-23 09:00,2618,2727,4,56,-999,121,234
2019-01-23 10:00,2585,2691,-1,62,-999,128,235
2019-01-23 11:00,2529,2631,89,60,-999,131,231
2019-01-23 12:00,2438,2535,155,60,-999,139,230
2019-01-23 13:00,2387,2481,167,50,-999,140,232
2019-01-23 14:00,2370,2464,236,54,-999,144,227
2019-01-23 15:00,2347,2442,273,54,-999,145,220
2019-01-23 16:00,2346,2440,270,54,-999,144,219
2019-01-23 17:00,2386,2480,97,52,-999,100,242
2019-01-23 18:00,2402,2496,64,61,-969,100,258
2019-01-23 19:00,2373,2465,136,63,-999,100,247
2019-01-23 20:00,2319,2406,186,62,-996,100,232
2019-01-23 21:00,2256,2338,282,60,-973,100,216
2019-01-23 22:00,2162,2239,351,54,-973,99,195
2019-01-23 23:00,2034,2104,425,49,-973,75,167
2019-01-24 00:00,1917,1982,547,42,-955,44,149
2019-01-24 01:00,1821,1874,468,36,-768,0,76
2019-01-24 02:00,1799,1860,711,35,-947,0,64
2019-01-24 03:00,1758,1818,657,31,-948,0,64
2019-01-24 04:00,1755,1812,639,30,-934,0,60
2019-01-24 05:00,1799,1861,657,30,-949,0,69
2019-01-24 06:00,1840,1904,610,33,-951,0,125
2019-01-24 07:00,1908,1976,631,40,-973,0,162
2019-01-24 08:00,2031,2103,628,32,-973,0,175
2019-01-24 09:00,2040,2113,526,62,-973,0,197
2019-01-24 10:00,2014,2086,557,64,-973,0,196
2019-01-24 11:00,1997,2066,601,63,-973,0,168
2019-01-24 12:00,1974,2042,627,66,-973,0,173
2019-01-24 13:00,1935,2002,629,63,-940,0,149
2019-01-24 14:00,1912,1974,642,40,-940,0,135
2019-01-24 15:00,1889,1945,636,38,-940,28,133
2019-01-24 16:00,1885,1942,655,38,-940,0,100
2019-01-24 17:00,1930,1990,666,40,-964,0,96
2019-01-24 18:00,1942,2006,760,49,-964,0,70
2019-01-24 19:00,1903,1966,798,47,-964,0,49
2019-01-24 20:00,1872,1935,798,55,-964,0,36
2019-01-24 21:00,1817,1874,798,54,-964,0,19
2019-01-24 22:00,1733,1783,799,49,-962,0,3
2019-01-24 23:00,1555,1598,821,46,-931,0,-1
2019-01-25 00:00,1445,1484,850,39,-841,0,-14
2019-01-25 01:00,1370,1396,759,25,-515,-1,-21
2019-01-25 02:00,1347,1378,873,12,-717,-48,-22
2019-01-25 03:00,1350,1382,875,11,-719,-50,-18
2019-01-25 04:00,1364,1398,874,11,-747,-50,-24
2019-01-25 05:00,1405,1440,871,11,-747,-49,-14
2019-01-25 06:00,1478,1516,819,15,-837,-15,-5
2019-01-25 07:00,1662,1708,797,23,-951,0,17
2019-01-25 08:00,1849,1900,676,35,-947,0,43
2019-01-25 09:00,1877,1927,671,31,-947,0,59
2019-01-25 10:00,1857,1909,725,29,-996,29,50
2019-01-25 11:00,1819,1869,720,32,-996,30,56
2019-01-25 12:00,1799,1848,669,37,-992,30,115
2019-01-25 13:00,1745,1793,683,35,-940,30,82
2019-01-25 14:00,1701,1748,683,35,-940,30,82
2019-01-25 15:00,1669,1716,674,45,-940,30,85
2019-01-25 16:00,1674,1721,664,42,-940,31,71
2019-01-25 17:00,1782,1833,724,37,-940,80,112
2019-01-25 18:00,1924,1986,600,42,-940,168,136
2019-01-25 19:00,1964,2030,601,45,-940,194,136
2019-01-25 20:00,1953,2020,614,50,-940,181,137
2019-01-25 21:00,1934,1999,677,39,-940,179,111
2019-01-25 22:00,1899,1964,782,33,-940,100,90
2019-01-25 23:00,1839,1901,806,26,-933,50,111
2019-01-26 00:00,1764,1814,782,32,-841,1,120
2019-01-26 01:00,1712,1749,452,25,-533,0,107
2019-01-26 02:00,1704,1754,621,-2,-929,0,96
2019-01-26 03:00,1715,1766,603,-1,-930,8,78
2019-01-26 04:00,1734,1787,662,1,-930,0,63
2019-01-26 05:00,1768,1821,625,5,-930,0,75
2019-01-26 06:00,1828,1881,606,9,-930,28,81
2019-01-26 07:00,1922,1982,634,14,-951,0,62
2019-01-26 08:00,2040,2106,672,22,-973,1,78
2019-01-26 09:00,2150,2221,527,30,-973,63,86
2019-01-26 10:00,2153,2225,497,38,-964,65,82
2019-01-26 11:00,2116,2188,553,47,-964,65,80
2019-01-26 12:00,2065,2138,513,51,-964,65,104
2019-01-26 13:00,2013,2087,455,49,-964,109,115
2019-01-26 14:00,1964,2037,460,51,-964,110,154
2019-01-26 15:00,1938,2012,398,51,-940,150,183
2019-01-26 16:00,1948,2023,368,49,-940,150,189
2019-01-26 17:00,2018,2095,288,50,-940,106,210
2019-01-26 18:00,2124,2206,242,52,-940,106,223
2019-01-26 19:00,2148,2229,317,51,-940,106,224
2019-01-26 20:00,2128,2206,423,49,-943,106,225
2019-01-26 21:00,2107,2186,550,48,-988,106,206
2019-01-26 22:00,2065,2143,599,48,-968,106,188
2019-01-26 23:00,2006,2079,578,46,-968,105,187
2019-01-27 00:00,1958,2030,506,41,-968,99,179
2019-01-27 01:00,1915,1983,387,37,-968,76,170
2019-01-27 02:00,1909,1979,354,39,-968,109,164
2019-01-27 03:00,1919,1988,357,37,-968,106,166
2019-01-27 04:00,1940,2010,355,37,-968,106,157
2019-01-27 05:00,1973,2045,259,36,-968,106,163
2019-01-27 06:00,2017,2091,184,31,-968,134,169
2019-01-27 07:00,2087,2163,304,28,-968,107,170
2019-01-27 08:00,2173,2252,386,17,-968,150,170
2019-01-27 09:00,2259,2344,326,23,-970,151,212
2019-01-27 10:00,2284,2370,365,26,-989,148,223
2019-01-27 11:00,2232,2314,503,11,-989,49,224
2019-01-27 12:00,2143,2224,541,11,-989,109,171
2019-01-27 13:00,2070,2152,539,15,-987,172,173
2019-01-27 14:00,2002,2079,589,11,-968,130,180
2019-01-27 15:00,1934,2007,505,7,-968,130,196
2019-01-27 16:00,1923,1996,505,17,-968,130,183
2019-01-27 17:00,2024,2100,553,26,-968,131,189
2019-01-27 18:00,2120,2200,593,16,-968,179,185
2019-01-27 19:00,2133,2206,634,23,-973,139,193
2019-01-27 20:00,2103,2170,711,19,-973,76,156
2019-01-27 21:00,2063,2128,792,17,-971,80,64
2019-01-27 22:00,1981,2039,806,17,-941,75,24
2019-01-27 23:00,1852,1903,882,18,-940,75,11
2019-01-28 00:00,1750,1803,903,9,-917,99,-5
2019-01-28 01:00,1678,1727,844,7,-872,100,3
2019-01-28 02:00,1648,1695,797,20,-867,99,-9
2019-01-28 03:00,1629,1672,787,9,-825,51,-18
2019-01-28 04:00,1640,1682,787,9,-824,50,0
2019-01-28 05:00,1691,1733,785,8,-831,50,7
2019-01-28 06:00,1767,1814,767,4,-927,50,65
2019-01-28 07:00,1959,2019,764,10,-970,50,68
2019-01-28 08:00,2161,2230,757,21,-973,50,83
2019-01-28 09:00,2199,2275,684,26,-973,75,96
2019-01-28 10:00,2148,2224,714,28,-973,104,103
2019-01-28 11:00,2119,2195,739,29,-973,65,98
2019-01-28 12:00,2078,2150,753,34,-973,67,103
2019-01-28 13:00,2028,2101,686,33,-973,172,93
2019-01-28 14:00,1997,2069,681,32,-973,173,70
2019-01-28 15:00,1984,2053,835,21,-973,111,66
2019-01-28 16:00,2018,2087,839,21,-973,110,45
2019-01-28 17:00,2133,2206,837,22,-973,109,61
2019-01-28 18:00,2270,2347,764,45,-973,65,106
2019-01-28 19:00,2335,2417,813,42,-974,65,60
2019-01-28 20:00,2362,2445,706,40,-975,65,79
2019-01-28 21:00,2358,2439,692,27,-999,65,108
2019-01-28 22:00,2315,2394,722,24,-999,65,76
2019-01-28 23:00,2234,2309,737,44,-999,65,65
2019-01-29 00:00,2158,2233,608,29,-999,64,78
2019-01-29 01:00,2126,2198,587,24,-999,30,107
2019-01-29 02:00,2152,2223,528,19,-999,2,118
2019-01-29 03:00,2183,2258,424,19,-1010,71,129
2019-01-29 04:00,2203,2277,583,32,-1130,1,141
2019-01-29 05:00,2266,2341,382,17,-1000,0,147
2019-01-29 06:00,2362,2442,271,21,-999,16,159
2019-01-29 07:00,2557,2653,286,27,-999,94,175
2019-01-29 08:00,2732,2842,428,48,-999,96,203
2019-01-29 09:00,2701,2809,451,54,-999,94,204
2019-01-29 10:00,2583,2680,500,53,-999,21,210
2019-01-29 11:00,2417,2508,670,54,-999,20,211
2019-01-29 12:00,2317,2405,588,53,-999,58,215
2019-01-29 13:00,2231,2316,517,46,-999,43,214
2019-01-29 14:00,2176,2259,389,43,-999,85,210
2019-01-29 15:00,2131,2213,414,47,-999,86,216
2019-01-29 16:00,2164,2247,426,47,-999,94,215
2019-01-29 17:00,2304,2394,389,47,-999,95,234
2019-01-29 18:00,2404,2500,398,55,-999,95,248
2019-01-29 19:00,2436,2534,427,54,-999,95,248
2019-01-29 20:00,2418,2515,456,53,-999,95,231
2019-01-29 21:00,2383,2476,451,40,-999,95,216
2019-01-29 22:00,2307,2395,500,34,-999,95,208
2019-01-29 23:00,2206,2286,528,27,-999,93,188
2019-01-30 00:00,2099,2173,571,20,-999,21,173
2019-01-30 01:00,2025,2095,546,15,-999,25,167
2019-01-30 02:00,2009,2077,493,9,-999,44,154
2019-01-30 03:00,1992,2060,491,19,-999,44,134
2019-01-30 04:00,1995,2064,459,18,-999,45,127
2019-01-30 05:00,2037,2106,529,12,-999,73,125
2019-01-30 06:00,2088,2161,490,12,-999,39,154
2019-01-30 07:00,2251,2333,521,18,-999,9,157
2019-01-30 08:00,2410,2498,513,20,-999,0,182
2019-01-30 09:00,2395,2484,554,19,-999,0,166
2019-01-30 10:00,2360,2446,591,19,-999,0,171
2019-01-30 11:00,2327,2411,657,19,-999,0,171
2019-01-30 12:00,2284,2365,749,18,-999,1,148
2019-01-30 13:00,2226,2306,736,18,-999,58,116
2019-01-30 14:00,2201,2279,754,22,-999,59,73
2019-01-30 15:00,2166,2241,795,23,-999,59,64
2019-01-30 16:00,2155,2230,805,25,-999,58,60
2019-01-30 17:00,2183,2258,859,26,-999,1,61
2019-01-30 18:00,2193,2268,777,29,-999,0,71
2019-01-30 19:00,2202,2277,841,19,-999,0,62
2019-01-30 20:00,2185,2262,840,18,-999,0,62
2019-01-30 21:00,2146,2223,841,14,-999,0,51
2019-01-30 22:00,2094,2169,840,9,-994,0,39
2019-01-30 23:00,2019,2087,826,3,-952,-1,15
2019-01-31 00:00,1946,2012,945,-5,-950,-75,9
2019-01-31 01:00,1913,1978,902,-9,-927,-75,19
2019-01-31 02:00,1921,1987,840,0,-904,-1,12
2019-01-31 03:00,1945,2009,769,-1,-861,0,60
2019-01-31 04:00,1984,2051,786,-2,-932,0,140
2019-01-31 05:00,2043,2111,779,-1,-932,0,140
2019-01-31 06:00,2133,2199,778,2,-862,0,141
2019-01-31 07:00,2328,2401,753,4,-949,0,153
2019-01-31 08:00,2509,2593,705,23,-977,1,91
2019-01-31 09:00,2502,2587,723,24,-979,1,68
2019-01-31 10:00,2399,2480,732,26,-999,1,80
2019-01-31 11:00,2311,2388,793,23,-999,1,80
2019-01-31 12:00,2241,2316,840,25,-999,1,62
2019-01-31 13:00,2172,2246,838,17,-999,1,51
2019-01-31 14:00,2177,2251,804,16,-999,0,79
2019-01-31 15:00,2194,2269,775,19,-998,0,83
2019-01-31 16:00,2291,2368,720,19,-996,0,66
2019-01-31 17:00,2417,2498,719,16,-996,8,88
2019-01-31 18:00,2508,2595,814,15,-996,0,102
2019-01-31 19:00,2563,2652,843,17,-995,0,94
2019-01-31 20:00,2581,2671,792,17,-999,0,93
2019-01-31 21:00,2555,2644,811,22,-1028,1,103
2019-01-31 22:00,2498,2584,740,15,-1028,73,90
2019-01-31 23:00,2403,2485,809,8,-1026,74,68